1 0.7223557692307693 0.33413461538461536 0.18629807692307693 0.14783653846153846
2 0.6550480769230769 0.875 0.014423076923076924 0.028846153846153848
2 0.9447115384615384 0.5348557692307693 0.055288461538461536 0.039663461538461536
2 0.6706730769230769 0.007211538461538462 0.014423076923076924 0.010817307692307692
2 0.8197115384615384 0.9459134615384616 0.04567307692307692 0.1045673076923077
2 0.7379807692307693 0.6141826923076923 0.05048076923076923 0.13701923076923078
2 0.7872596153846154 0.5745192307692307 0.046875 0.08173076923076923
1 0.9795673076923077 0.8942307692307693 0.03125 0.05048076923076923
2 0.6694711538461539 0.9375 0.03245192307692308 0.12139423076923077
2 0.6370192307692307 0.7572115384615384 0.037259615384615384 0.17668269230769232
2 0.8305288461538461 0.8209134615384616 0.026442307692307692 0.08774038461538461